0 303567 3584 0 0
1 55590 3072 0 0
0 303574 3584 0 26214
1 240840 3072 0 26214
1 55596 3072 1 78643
0 303581 3584 0117964
1 55596 3072 1 117964
0 303588 3584 1 530841
1 55596 3072 1 530841
0 303595 3584 1 550502
1 240840 3072 1 550502
1 55602 3072 1 602931
0 303602 3584 1 648806
1 55602 3072 1 648806
0 303609 3584 1 910950
1 55602 3072 1 910950
0 303616 3584 1 930611
1 240840 3072 1 930611
1 55608 3072 1 983040
0 303623 3584 1 1028915
1 55608 3072 1 1028915
0 303630 3584 1 1330380
1 55608 3072 1 1330380
0 303637 3584 1 1343487
1 240840 3072 1 1343487
1 55614 3072 1 1395916
0 303644 3584 1 1441792
1 55614 3072 1 1441792
0 303651 3584 1 1723596
1 55614 3072 1 1723596
0 303658 3584 1 1736704
1 240840 3072 1 1736704
0 303665 3584 1 1769472
2 206064 3072 1 1769472
3 817767 3072 1 1769472
1 55620 3072 1 1802240
0 303672 3584 1 1808793
2 361644 3072 1 1808793
3 973347 3072 1 1808793
0 303679 3584 1 1841561
1 55620 3072 1 1841561
4 840815 12288 1 1887436
2 18046 512 1 1939865
3 287047 512 1 1939865
5 140946 3072 1 1946419
4 211167 3072 1 1946419
2 878231 1024 1 1946419
3 1002245 1024 1 1946419
6 725318 512 1 1946419
2 206064 3072 1 1946419
3 817767 3072 1 1946419
4 760114 512 1 1946419
0 303686 12288 1 1946419
4 840815 512 1 2070937
0 303710 1536 1 2116812
2 878231 1024 1 2116812
3 1002245 1024 1 2116812
1 269732 1024 1 2175795
7 270734 1024 1 2175795
1 269732 1024 1 2215116
0 303713 3584 1 2221670
1 55620 3072 1 2221670
0 303720 1536 1 2234777
2 878231 1024 1 2234777
3 1002245 1024 1 2234777
0 303723 3584 1 2267545
1 240840 3072 1 2267545
1 55638 3072 1 2319974
8 146150 2560 1 2326528
9 31682 2560 1 2333081
1 269732 1024 1 2346188
7 270734 1024 1 2346188
8 450542 1024 1 2346188
9 450542 1024 1 2346188
0 303730 3584 1 2365849
1 55638 3072 1 2365849
8 146150 512 1 2398617
9 31682 512 1 2398617
0 303737 3584 1 2778726
1 55638 3072 1 2778726
0 303744 3584 1 2804940
1 240840 3072 1 2804940
1 55656 3072 1 2844262
0 303751 3584 1 2883584
1 55656 3072 1 2883584
0 303758 3584 1 3224371
1 55656 3072 1 3224371
10 619165 512 1 3224371
0 303765 3584 1 3244031
1 240840 3072 1 3244031
1 55662 3072 1 3289907
0 303772 3584 1 3329228
1 55662 3072 1 3329228
10 618195 512 1 3565158
0 303779 3584 1 3781427
1 55662 3072 1 3781427
0 303786 3584 1 3801088
1 240840 3072 1 3807641
1 55668 3072 1 3853516
10 618773 512 1 3866624
0 303793 3584 1 3892838
1 55668 3072 1 3892838
0 303800 3584 1 4141875
1 55668 3072 1 4141875
0 303807 3584 1 4181196
1 240840 3072 1 4187750
1 55674 3072 1 4233625
0 303814 3584 1 4272947
1 55674 3072 1 4272947
10 618167 512 1 4731699
0 303821 3584 1 4744806
1 55674 3072 1 4744806
10 618168 8192 1 4757913
0 303828 3584 1 4764467
1 240840 3072 1 4764467
1 55692 3072 1 4810342
0 303835 3584 1 4849664
1 55692 3072 1 4849664
10 617992 512 1 5052825
0 303842 3584 1 5151129
1 55692 3072 1 5151129
0 303849 3584 1 5170790
1 240840 3072 1 5177343
1 55698 3072 1 5223219
0 303856 3584 1 5262540
1 55698 3072 1 5262540
10 618113 512 1 5380505
0 303863 3584 1 5603328
1 55698 3072 1 5603328
0 303870 3584 1 5622988
1 240840 3072 1 5622988
1 55704 3072 1 5668864
10 617943 512 1 5714739
0 303877 3584 1 5714739
1 55704 3072 1 5714739
0 303884 3584 1 5839257
2 206070 3072 1 5839257
3 817773 3072 1 5839257
0 303891 3584 1 5878579
2 361650 3072 1 5878579
3 973353 3072 1 5878579
4 841315 12288 1 5970329
2 16601 512 1 6009651
3 285602 512 1 6009651
5 140952 3072 1 6009651
4 211173 3072 1 6009651
2 878233 1024 1 6009651
3 1002247 1024 1 6009651
6 725319 512 1 6009651
2 206070 3072 1 6016204
3 817773 3072 1 6016204
4 760113 512 1 6016204
0 303898 12288 1 6022758
0 303922 3584 1 6042419
1 55704 3072 1 6042419
0 303929 3584 1 6062079
1 240840 3072 1 6062079
1 55710 3072 1 6114508
4 841315 512 1 6121062
0 303936 3584 1 6166937
1 55710 3072 1 6166937
0 303943 1536 1 6186598
2 878233 1024 1 6186598
3 1002247 1024 1 6186598
1 269734 1024 1 6245580
7 270736 1024 1 6245580
1 269734 1024 1 6271795
0 303946 1536 1 6278348
2 878233 1024 1 6278348
3 1002247 1024 1 6278348
10 618773 512 1 6284902
0 303949 3584 1 6291456
2 206076 3072 1 6291456
3 817779 3072 1 6291456
0 303956 3584 1 6356992
2 361650 3072 1 6356992
5 40071 512 1 6363545
3 973353 3072 1 6363545
8 146350 2560 1 6383206
9 31882 2560 1 6383206
1 269734 1024 1 6402867
7 270736 1024 1 6402867
8 450544 1024 1 6409420
9 450544 1024 1 6409420
6 433573 1024 1 6409420
8 146350 512 1 6455296
9 31882 512 1 6455296
4 84231 1024 1 6455296
0 303963 3584 1 6527385
1 55710 3072 1 6527385
0 303970 3584 1 6566707
1 240840 3072 1 6566707
4 840315 12288 1 6586368
1 55728 3072 1 6606029
2 16601 512 1 6651904
3 285602 512 1 6651904
5 140958 3072 1 6658457
4 211179 3072 1 6658457
2 878235 1024 1 6658457
3 1002249 1024 1 6658457
6 725320 512 1 6658457
2 206076 3072 1 6658457
3 817779 3072 1 6658457
4 760113 512 1 6658457
0 303977 12288 1 6658457
0 304001 3584 1 6737100
1 55728 3072 1 6737100
4 840315 512 1 6782976
0 304008 1536 1 6822297
2 878235 1024 1 6822297
3 1002249 1024 1 6822297
1 269736 1024 1 6887833
7 270738 1024 1 6887833
1 269736 1024 1 6920601
0 304011 1536 1 6920601
2 878235 1024 1 6920601
3 1002249 1024 1 6920601
10 619112 512 1 6953369
0 304014 3584 1 7012351
1 55728 3072 1 7012351
8 146550 2560 1 7032012
9 32082 2560 1 7032012
0 304021 3584 1 7051673
1 240840 3072 1 7051673
1 269736 1024 1 7051673
7 270738 1024 1 7051673
8 450546 1024 1 7051673
9 450546 1024 1 7051673
1 55734 3072 1 7104102
8 146550 512 1 7117209
9 32082 512 1 7117209
0 304028 3584 1 7149977
1 55734 3072 1 7149977
0 304035 3584 1 7897088
1 55734 3072 1 7897088
0 304042 3584 1 7923302
1 240840 3072 1 7923302
1 55740 3072 1 7975731
0 304049 3584 1 8015052
1 55740 3072 1 8015052
0 304056 3584 1 8395161
2 206082 3072 1 8395161
3 817785 3072 1 8395161
0 304063 3584 1 8421376
1 55740 3072 1 8421376
0 304070 3584 1 8441037
1 240840 3072 1 8441037
0 304077 3584 1 8460697
2 361644 3072 1 8460697
3 973347 3072 1 8460697
1 55746 3072 1 8486911
0 304084 3584 1 8532787
1 55746 3072 1 8532787
4 840815 12288 1 8572109
2 20403 512 1 8624537
3 289404 512 1 8624537
5 140964 3072 1 8624537
4 211185 3072 1 8624537
2 878237 1024 1 8624537
3 1002251 1024 1 8624537
6 725321 512 1 8631091
2 206082 3072 1 8631091
3 817785 3072 1 8631091
4 760114 512 1 8631091
0 304091 12288 1 8631091
10 619257 512 1 8676966
10 619194 512 1 8703181
10 624698 512 1 8729394
4 840815 512 1 8742502
10 625413 512 1 8749055
10 624273 3072 1 8775270
10 619592 3072 1 8794931
0 304115 1536 1 8801485
2 878237 1024 1 8801485
3 1002251 1024 1 8801485
0 304118 3584 1 8834252
1 55746 3072 1 8834252
0 304125 3584 1 8860466
1 240840 3072 1 8860466
1 269738 1024 1 8860466
7 270740 1024 1 8860466
10 624558 512 1 8880127
1 269738 1024 1 8899788
0 304132 1536 1 8906342
2 878237 1024 1 8906342
3 1002251 1024 1 8906342
10 624862 512 1 8912896
1 55752 3072 1 8932557
10 770748 512 1 8939110
10 447824 512 1 8939110
0 304135 3584 1 8991539
1 55752 3072 1 8991539
8 146150 2560 1 9043968
9 31682 2560 1 9050521
1 269738 1024 1 9070182
7 270740 1024 1 9070182
8 450548 1024 1 9070182
9 450548 1024 1 9070182
8 146150 512 1 9122611
9 31682 512 1 9122611
6 386238 512 1 9135718
5 43697 512 1 9188147
4 758692 512 1 9234022
0 304142 3584 1 9247129
1 55752 3072 1 9247129
6 444131 1024 1 9266790
0 304149 3584 1 9286451
1 240840 3072 1 9286451
1 55758 3072 1 9345433
10 107821 4096 1 9384755
0 304156 3584 1 9391308
1 55758 3072 1 9391308
10 838506 6656 1 9450291
10 107821 4096 1 9509273
10 234342 2048 1 9509273
11 205474 6656 1 9509273
10 838506 512 1 9614131
0 304163 3584 1 9823846
1 55758 3072 1 9823846
0 304170 3584 1 9843506
1 240840 3072 1 9843506
1 55764 3072 1 9889382
0 304177 3584 1 9935257
1 55764 3072 1 9935257
10 107349 4096 1 9961471
10 107349 4096 1 10040115
6 252068 2048 1 10066329
6 252072 2048 1 10105650
10 838506 4608 1 10131865
0 304184 3584 1 10184294
1 55764 3072 1 10184294
10 107349 4096 1 10190848
11 205487 4608 1 10190848
0 304191 3584 1 10203955
1 240840 3072 1 10203955
10 838506 512 1 10262937
1 55770 3072 1 10269491
0 304198 3584 1 10302259
1 55770 3072 1 10302259
0 304205 3584 1 10649600
1 55770 3072 1 10649600
0 304212 3584 1 10662707
1 240840 3072 1 10662707
1 55776 3072 1 10715135
0 304219 3584 1 10747903
1 55776 3072 1 10747903
12 871567 512 1 11186995
12 871568 1024 1 11245977
12 871570 1024 1 11265638
12 871573 1024 1 11311513
0 304226 3584 1 11331174
1 55776 3072 1 11331174
0 304233 3584 1 11344281
1 240840 3072 1 11344281
12 871571 1024 1 11357388
1 55782 3072 1 11390156
12 871574 512 1 11396710
12 871572 512 1 11422925
0 304240 3584 1 11429478
1 55782 3072 1 11429478
12 871574 512 1 11442585
12 871842 512 1 11449139
12 871843 1024 1 11475353
12 871845 512 1 11488460
12 871846 512 1 11508121
12 871844 512 1 11527782
12 871845 1024 1 11553997
12 871846 1024 1 11580211
12 871845 512 1 11593318
12 871842 1024 1 11612978
12 871848 1024 1 11645747
12 871849 512 1 11658854
12 871849 512 1 11678515
0 304247 3584 1 11678515
1 55782 3072 1 11678515
12 871849 512 1 11691622
12 871847 1024 1 11711283
0 304254 3584 1 11711283
1 240840 3072 1 11711283
12 871848 512 1 11724390
12 871848 512 1 11744051
12 871848 512 1 11757158
1 55788 3072 1 11770265
12 871849 1024 1 11789926
0 304261 3584 1 11809587
1 55788 3072 1 11809587
12 871844 512 1 11809587
12 871844 1024 1 11835802
12 871845 512 1 11855462
12 871843 512 1 11875123
12 871850 512 1 11907891
12 871572 1024 1 11920998
12 871842 512 1 11966873
12 871846 512 1 11986534
12 871847 512 1 12006195
12 871846 512 1 12025856
12 871847 512 1 12038963
12 871567 1024 1 12058624
12 871569 512 1 12084838
12 871568 512 1 12104498
12 871569 1024 1 12117606
12 871568 512 1 12137267
0 304268 3584 1 12150374
2 206088 3072 1 12150374
3 817791 3072 1 12150374
12 871570 512 1 12156928
12 871850 512 1 12183142
0 304275 3584 1 12209357
2 361644 3072 1 12209357
3 973347 3072 1 12209357
10 618223 512 1 12268339
12 871850 1024 1 12288000
0 304282 3584 1 12314214
1 55788 3072 0 12314214
0 304289 3584 0 12340428
1 240840 3072 0 12340428
1 55794 3072 0 12379750
0 304296 3584 0 12425625
1 55794 3072 0 12425625
4 841315 28160 0 12432179
2 18055 512 0 12523929
3 287056 512 0 12523929
10 618435 512 0 12523929
2 19826 512 0 12523929
3 288827 512 0 12523929
5 140970 3072 0 12530483
4 211191 3072 0 12530483
2 878239 1024 0 12530483
3 1002253 1024 0 12530483
13 591387 3072 0 12530483
14 591387 3072 0 12530483
1 55932 3072 0 12530483
13 591393 3072 0 12530483
14 591393 3072 0 12530483
0 304303 28160 0 12530483
10 618662 512 0 12628787
1 55938 3072 0 12635340
1 55944 3072 0 12635340
2 206088 3072 0 12641894
3 817791 3072 0 12641894
4 760114 512 0 12641894
4 841315 512 0 12700877
0 304358 1536 0 12740198
2 878239 1024 0 12740198
3 1002253 1024 0 12740198
1 269740 1024 0 12799181
7 270742 1024 0 12799181
1 269740 1024 0 12845055
0 304361 1536 0 12845055
2 878239 1024 0 12845055
3 1002253 1024 0 12845055
8 146350 2560 0 12969574
9 31882 2560 0 12969574
1 269740 1024 0 12982681
7 270742 1024 0 12982681
8 450550 1024 0 12989234
9 450550 1024 0 12989234
0 304364 3584 0 13028556
8 146350 512 0 13028556
1 55794 3072 0 13028556
9 31882 512 0 13028556
0 304371 3584 0 13080986
1 240840 3072 0 13080986
10 618509 512 0 13094092
1 55800 3072 0 13139967
10 618510 8192 0 13172736
0 304378 3584 0 13185843
1 55800 3072 0 13185843
0 304385 3584 0 13434880
1 55800 3072 0 13434880
0 304392 3584 0 13461094
1 240840 3072 0 13461094
1 55818 3072 0 13500415
0 304399 3584 0 13539737
1 55818 3072 0 13539737
13 591387 3072 0 13631487
0 304406 3584 0 13644595
13 591387 3072 0 13644595
14 591387 3072 0 13644595
10 618898 512 0 13690470
10 618865 512 0 13749452
0 304413 3584 0 14077133
13 591387 3072 0 14077133
14 591387 3072 0 14077133
10 618366 512 0 14077133
0 304420 3584 0 14096793
1 55818 3072 0 14103346
0 304427 3584 0 14109900
13 753921 3072 0 14109900
14 753921 3072 0 14116454
0 304434 3584 0 14136115
1 240840 3072 0 14136115
10 618367 8192 0 14162329
1 55824 3072 0 14175436
0 304441 3584 0 14214758
1 55824 3072 0 14214758
10 617959 512 0 14313062
13 591393 3072 0 14358937
0 304448 3584 0 14411366
13 591393 3072 0 14411366
14 591393 3072 0 14411366
0 304455 3584 0 14496562
1 55824 3072 0 14496562
0 304462 3584 0 14516223
1 240840 3072 0 14516223
0 304469 3584 0 14535884
13 591393 3072 0 14535884
14 591393 3072 0 14535884
0 304476 3584 0 14562099
13 753921 3072 0 14562099
14 753921 3072 0 14568653
1 55830 3072 0 14575206
0 304483 3584 0 14614527
1 55830 3072 0 14614527
10 618722 512 0 14647295
10 618093 1024 0 14902886
0 304490 3584 0 15007743
1 55830 3072 0 15007743
0 304497 3584 0 15020851
1 240840 3072 0 15020851
10 618223 512 0 15060173
1 55836 3072 0 15066726
0 304504 3584 0 15112601
1 55836 3072 0 15112601
10 618212 512 0 15296102
0 304511 3584 0 15368191
1 55836 3072 0 15368191
0 304518 3584 0 15387852
1 240840 3072 0 15387852
1 55842 3072 0 15427174
0 304525 3584 0 15479602
1 55842 3072 0 15479602
0 304532 3584 0 15840051
1 55842 3072 0 15840051
10 619053 512 0 15846605
0 304539 3584 0 15872818
1 240840 3072 0 15872818
0 304546 3584 0 15892479
2 206094 3072 0 15892479
3 817797 3072 0 15892479
1 55848 3072 0 15931801
0 304553 3584 0 15931801
2 206100 3072 0 15931801
3 817803 3072 0 15931801
0 304560 3584 0 15951462
2 361650 3072 0 15951462
3 973353 3072 0 15951462
0 304567 3584 0 15977676
2 361644 3072 0 15977676
3 973347 3072 0 15977676
0 304574 3584 0 15990783
1 55848 3072 0 15990783
4 840315 12288 0 16056320
2 16601 512 0 16102195
3 285602 512 0 16102195
5 140976 3072 0 16102195
4 211197 3072 0 16102195
2 878241 1024 0 16102195
3 1002255 1024 0 16102195
6 725322 512 0 16108749
2 206094 3072 0 16108749
3 817797 3072 0 16108749
4 760113 512 0 16108749
0 304581 12288 0 16108749
4 840315 512 0 16226713
0 304605 1536 0 16279142
2 878241 1024 0 16279142
3 1002255 1024 0 16279142
4 840815 12288 0 16285696
0 304608 3584 0 16311910
1 55848 3072 0 16311910
0 304615 3584 0 16325017
1 240840 3072 0 16325017
1 269742 1024 0 16338125
7 270744 1024 0 16338125
2 18046 512 0 16344678
3 287047 512 0 16357786
5 140982 3072 0 16357786
4 211203 3072 0 16357786
2 878243 1024 0 16357786
3 1002257 1024 0 16357786
6 725323 512 0 16357786
2 206100 3072 0 16357786
3 817803 3072 0 16357786
4 760114 512 0 16357786
0 304622 12288 0 16364339
1 55854 3072 0 16370893
1 269742 1024 0 16390554
0 304646 1536 0 16397108
2 878241 1024 0 16397108
3 1002255 1024 0 16397108
0 304649 3584 0 16423320
1 55854 3072 0 16423320
0 304656 3584 0 16456089
2 206106 3072 0 16456089
3 817809 3072 0 16456089
4 840815 512 0 16475749
0 304663 1536 0 16541286
2 878243 1024 0 16541286
3 1002257 1024 0 16541286
8 146550 2560 0 16547840
9 32082 2560 0 16554393
0 304666 3584 0 16554393
2 361644 3072 0 16554393
3 973347 3072 0 16554393
1 269742 1024 0 16574054
7 270744 1024 0 16574054
8 450552 1024 0 16574054
9 450552 1024 0 16574054
8 146550 512 0 16626483
9 32082 512 0 16626483
1 269744 1024 0 16646144
7 270746 1024 0 16646144
1 269744 1024 0 16659252
0 304673 1536 0 16659252
2 878243 1024 0 16659252
3 1002257 1024 0 16659252
0 304676 3584 0 16692018
1 55854 3072 0 16692018
4 841315 14336 0 16698572
0 304683 3584 0 16731340
1 240840 3072 0 16731340
5 140988 3072 0 16744447
4 211209 3072 0 16744447
2 878245 1024 0 16744447
3 1002259 1024 0 16744447
1 55950 3072 0 16744447
2 206106 3072 0 16751001
3 817809 3072 0 16751001
4 760114 512 0 16751001
0 304690 14336 0 16751001
8 146150 2560 0 16764108
9 31682 2560 0 16764108
1 269744 1024 0 16783769
7 270746 1024 0 16783769
8 450554 1024 0 16783769
9 450554 1024 0 16783769
1 55860 3072 0 16796876
8 146150 512 0 16868967
9 31682 512 0 16868967
4 841315 512 0 16868967
0 304718 3584 0 16901735
1 55860 3072 0 16901735
0 304725 1536 0 16921394
2 878245 1024 0 16921394
3 1002259 1024 0 16921394
1 269746 1024 0 16967269
7 270748 1024 0 16967269
0 304728 1536 0 17000038
1 269746 1024 0 17000038
2 878245 1024 0 17000038
3 1002259 1024 0 17006591
8 146350 2560 0 17111450
9 31882 2560 0 17118003
1 269746 1024 0 17137664
7 270748 1024 0 17137664
8 450556 1024 0 17137664
9 450556 1024 0 17137664
8 146350 512 0 17183538
9 31882 512 0 17183538
0 304731 3584 0 17196645
2 206112 3072 0 17196645
3 817815 3072 0 17196645
0 304738 3584 0 17255628
2 361644 3072 0 17255628
3 973347 3072 0 17255628
0 304745 3584 0 17373594
1 55860 3072 0 17373594
4 840315 28160 0 17380147
0 304752 3584 0 17412914
1 240840 3072 0 17412914
1 55866 3072 0 17458789
2 18023 512 0 17465343
3 287024 512 0 17465343
2 18062 512 0 17465343
3 287063 512 0 17465343
5 140994 3072 0 17465343
4 211215 3072 0 17465343
2 878247 1024 0 17465343
3 1002261 1024 0 17471897
13 591399 3072 0 17471897
14 591399 3072 0 17471897
1 55956 3072 0 17471897
13 591405 3072 0 17471897
14 591405 3072 0 17471897
0 304759 28160 0 17471897
0 304814 3584 0 17517772
1 55866 3072 0 17517772
1 55962 3072 0 17550540
1 55968 3072 0 17550540
2 206112 3072 0 17550540
3 817815 3072 0 17550540
4 760114 512 0 17550540
4 840315 512 0 17609523
13 591399 3072 0 17661953
0 304821 1536 0 17661953
2 878247 1024 0 17661953
3 1002261 1024 0 17668504
0 304824 3584 0 17688165
13 591399 3072 0 17688165
14 591399 3072 0 17688165
1 269748 1024 0 17720933
7 270750 1024 0 17720933
1 269748 1024 0 17760255
0 304831 1536 0 17760255
2 878247 1024 0 17766809
3 1002261 1024 0 17766809
0 304834 3584 0 17773363
13 591399 3072 0 17779916
14 591399 3072 0 17779916
0 304841 3584 0 17799577
13 753921 3072 0 17799577
14 753921 3072 0 17799577
8 146550 2560 0 17871667
9 32082 2560 0 17871667
1 269748 1024 0 17897882
7 270750 1024 0 17897882
8 450558 1024 0 17897882
9 450558 1024 0 17897882
0 304848 3584 0 17924095
1 55866 3072 0 17924095
8 146550 512 0 17943756
9 32082 512 0 17943756
0 304855 3584 0 17956863
1 240840 3072 0 17956863
13 591405 3072 0 17983078
1 55872 3072 0 18002738
0 304862 3584 0 18015846
13 591405 3072 0 18022399
14 591405 3072 0 18022399
0 304869 3584 0 18042060
1 55872 3072 0 18048614
0 304876 3584 0 18133811
13 591405 3072 0 18133811
14 591405 3072 0 18133811
0 304883 3584 0 18153472
13 753921 3072 0 18153472
14 753921 3072 0 18153472
0 304890 3584 0 18422168
1 55872 3072 0 18422168
0 304897 3584 0 18441829
1 240840 3072 0 18441829
1 55878 3072 0 18481151
0 304904 3584 0 18527027
1 55878 3072 0 18527027
0 304911 3584 0 18795724
1 55878 3072 0 18795724
0 304918 3584 0 18821939
1 240840 3072 0 18821939
1 55884 3072 0 18861261
0 304925 3584 0 18907136
1 55884 3072 0 18907136
0 304932 3584 0 19195493
1 55884 3072 0 19195493
0 304939 3584 0 19215154
1 240840 3072 0 19221708
1 55890 3072 0 19274137
0 304946 3584 0 19320013
1 55890 3072 0 19320013
0 304953 3584 0 19785318
1 55890 3072 0 19785318
0 304960 3584 0 19811533
1 240840 3072 0 19811533
1 55896 3072 0 19850854
11 62832 2560 0 19877069
6 253140 2048 0 19877069
0 304967 3584 0 19890176
1 55896 3072 0 19890176
6 253140 2048 0 20191640
9 20506 512 0 20217855
15 327183 6144 0 20925643
15 610735 512 0 20984626
3 367002 9216 0 21633434
2 428733 9216 0 21633434
2 59487 2560 0 21698968
1 572511 2560 0 21698968
6 253140 2048 0 21698968
9 572098 2048 0 21698968
8 75952 2048 0 21698968
9 7000 2048 0 21698968
8 80965 2048 0 21698968
11 62837 9216 0 21698968
3 367002 512 0 21797273
2 428733 512 0 21797273
9 149730 512 0 21843149
2 59487 2560 0 21843149
9 149730 512 0 21875917
11 62855 3072 0 21882471
2 59487 2560 0 21882471
1 572511 2560 0 21882471
11 205496 1024 0 21915239
10 258923 512 0 21915239
10 258923 512 0 21967666
11 62861 3072 0 21974220
2 59487 2560 0 21974220
1 572511 2560 0 21974220
6 253140 2048 0 21980773
10 835506 9728 0 22026649
10 347649 512 0 22085632
10 108629 4096 0 22085632
10 258923 512 0 22085632
10 90542 2048 0 22085632
10 234342 2048 0 22085632
11 205498 9728 0 22085632
10 835506 512 0 22282239
11 62867 2560 0 22419866
6 253144 2048 0 22419866
6 253144 2048 0 22845850
9 20506 512 0 22872064
1 55896 3072 0 23376691
0 304974 3584 0 23435672
1 55896 3072 0 23435672
3 367002 9216 0 24313856
2 428733 9216 0 24313856
2 59492 2560 0 24346624
1 572516 2560 0 24346624
6 253144 2048 0 24346624
9 572098 2048 0 24346624
8 75952 2048 0 24346624
9 7000 2048 0 24346624
8 80965 2048 0 24346624
11 62872 9216 0 24353178
3 367002 512 0 24444927
2 428733 512 0 24444927
9 149731 512 0 24490802
2 59492 2560 0 24497356
11 62890 2560 0 24517017
6 253148 2048 0 24517017
9 149731 512 0 24530124
11 62895 3072 0 24536678
2 59492 2560 0 24536678
1 572516 2560 0 24536678
11 205517 1024 0 24556339
10 258924 512 0 24556339
10 258924 512 0 24602214
11 62901 3072 0 24615322
2 59492 2560 0 24615322
1 572516 2560 0 24615322
6 253144 2048 0 24621875
10 90546 2048 0 24661197
10 835506 9728 0 24693964
10 347649 512 0 24752946
10 108637 4096 0 24759500
10 258924 512 0 24759500
10 90546 2048 0 24759500
10 234342 2048 0 24759500
11 205519 9728 0 24759500
10 835506 512 0 24929893
6 253148 2048 0 25500057
9 20506 512 0 25526271
15 317651 8192 0 26430667
1 55896 3072 0 26463436
15 610287 512 0 26489650
0 304981 3584 0 26522418
1 55896 3072 0 26522418
11 62907 2560 0 26581401
6 253152 2048 0 26581401
9 7004 2048 0 26928743
3 367002 9216 0 26954956
2 428733 9216 0 26954956
2 59497 2560 0 26994277
1 572521 2560 0 26994277
6 253148 2048 0 27000831
9 572098 2048 0 27000831
8 75952 2048 0 27000831
9 7004 2048 0 27000831
8 80969 2048 0 27000831
11 62912 9216 0 27000831
3 367002 512 0 27099136
2 428733 512 0 27099136
9 149732 512 0 27138458
2 59497 2560 0 27145011
6 253152 2048 0 27145011
9 20507 512 0 27171226
9 149732 512 0 27184331
11 62930 3072 0 27190885
2 59497 2560 0 27190885
1 572521 2560 0 27190885
11 205538 1024 0 27210546
10 258925 512 0 27217100
10 258925 512 0 27276083
11 62936 3072 0 27282636
2 59497 2560 0 27289190
1 572521 2560 0 27289190
6 253148 2048 0 27295743
10 234346 2048 0 27328512
10 835506 9728 0 27354726
10 347649 512 0 27413709
10 108645 4096 0 27413709
10 258925 512 0 27413709
10 90546 2048 0 27413709
10 234346 2048 0 27413709
11 205540 9728 0 27413709
10 835506 512 0 27590656
6 3546 1024 0 27616870
6 3558 1024 0 27649639
9 572102 2048 0 27688959
3 367002 11776 0 27734834
2 428733 11776 0 27734834
6 253152 2048 0 27774156
2 59507 2560 0 27774156
1 572531 2560 0 27774156
2 59502 2560 0 27774156
1 572526 2560 0 27774156
9 572102 2048 0 27774156
8 75956 2048 0 27780710
9 7004 2048 0 27780710
8 80969 2048 0 27780710
11 62942 11776 0 27780710
3 367002 512 0 27846246
2 428733 512 0 27846246
9 25887 512 0 27879015
2 59502 2560 0 27885568
9 149733 3072 0 27918336
11 62965 3072 0 27931444
2 59502 2560 0 27931444
1 572526 2560 0 27931444
2 59507 2560 0 27957656
9 445665 512 0 27964210
0 304988 4608 0 28023193
3 4203 4096 0 28023193
2 612639 4096 0 28023193
9 149733 3072 0 28023193
3 4203 4096 0 28062515
9 25887 512 0 28062515
11 62971 3072 0 28069068
2 59502 2560 0 28069068
1 572526 2560 0 28075622
5 22365 512 0 28088729
9 25887 512 0 28088729
9 149733 512 1 28108390
10 85578 512 1 28114944
9 149733 512 0 28141159
2 19958 512 1 28154266
10 85578 512 0 28187032
4 837815 13312 0 28272230
2 20697 512 0 28318105
3 289698 512 0 28318105
2 19958 512 0 28324659
3 288959 512 0 28324659
5 141000 3072 0 28324659
4 211221 3072 0 28324659
2 878249 1024 0 28324659
3 1002263 1024 0 28324659
6 725324 512 0 28324659
3 4203 4096 0 28324659
2 612639 4096 0 28324659
0 304997 13312 0 28324659
4 837815 512 0 28442623
0 305023 1536 0 28508159
2 878249 1024 0 28508159
3 1002263 1024 0 28508159
1 269750 1024 0 28567142
7 270752 1024 0 28567142
1 269750 1024 1 28599910
0 305026 1536 0 28599910
2 878249 1024 0 28599910
3 1002263 1024 0 28606464
10 618086 512 1 28632679
8 146150 2560 0 28711320
9 31682 2560 0 28711320
1 269750 1024 0 28744089
7 270752 1024 0 28744089
8 450560 1024 0 28744089
9 450560 1024 0 28744089
8 146150 512 0 28783411
9 31682 512 0 28783411
10 618152 512 1 29052108
1 55896 3072 1 29556736
0 305029 3584 0 29602611
1 55896 3072 0 29609165
16 91389 32768 0 29628826
0 305036 3584 0 29700914
1 55896 3072 0 29700914
0 305043 3584 0 29759897
1 240840 3072 0 29766450
1 55902 3072 1 29818880
0 305050 3584 0 29851648
1 55902 3072 0 29858202
0 305057 3584 0 29890970
2 206118 3072 0 29890970
3 817821 3072 0 29890970
0 305064 3584 0 29930292
2 361644 3072 0 29930292
3 973347 3072 0 29930292
4 840815 31232 0 30048255
2 18437 512 0 30153114
3 287438 512 0 30153114
2 18085 512 0 30153114
3 287086 512 0 30153114
5 141006 3072 0 30153114
4 211227 3072 0 30153114
2 878251 1024 0 30153114
3 1002265 1024 0 30153114
13 591411 3072 0 30153114
14 591411 3072 0 30159667
13 591417 3072 0 30159667
14 591417 3072 0 30159667
1 55974 3072 0 30159667
0 305071 31232 0 30159667
0 305132 3584 0 30205541
1 55902 3072 0 30205541
0 305139 3584 0 30231756
1 240840 3072 0 30231756
13 591423 3072 0 30251417
14 591423 3072 0 30251417
1 55980 3072 0 30251417
1 55986 3072 0 30251417
2 206118 3072 0 30251417
3 817821 3072 0 30251417
4 760114 512 0 30251417
1 55908 3072 1 30277631
4 840815 512 0 30330060
0 305146 3584 0 30349721
1 55908 3072 0 30349721
0 305153 1536 0 30369382
2 878251 1024 0 30369382
3 1002265 1024 0 30369382
13 591411 3072 1 30389043
0 305156 3584 0 30408704
13 591411 3072 0 30408704
14 591411 3072 0 30408704
1 269752 1024 0 30415258
7 270754 1024 0 30415258
1 269752 1024 1 30467685
0 305163 1536 0 30467685
2 878251 1024 0 30467685
3 1002265 1024 0 30467685
0 305166 3584 0 30487346
13 591411 3072 0 30487346
14 591411 3072 0 30493900
0 305173 3584 0 30507007
13 753921 3072 0 30513561
14 753921 3072 0 30513561
8 146350 2560 0 30572544
9 31882 2560 0 30572544
10 618879 512 1 30585651
1 269752 1024 0 30585651
7 270754 1024 0 30585651
8 450562 1024 0 30585651
9 450562 1024 0 30585651
8 146350 512 0 30631526
9 31882 512 0 30631526
13 591417 3072 1 30716722
0 305180 3584 0 30756044
1 55908 3072 0 30756044
0 305187 3584 0 30769151
13 591417 3072 0 30769151
14 591417 3072 0 30769151
0 305194 3584 0 30795366
1 240840 3072 0 30795366
10 619134 512 1 30828134
1 55926 3072 1 30841241
0 305201 3584 0 30867456
13 591417 3072 0 30867456
14 591417 3072 0 30867456
0 305208 3584 0 30887117
1 55926 3072 0 30887117
10 619135 8192 1 30893671
0 305215 3584 0 30900224
13 753921 3072 0 30900224
14 753921 3072 0 30900224
13 591423 3072 1 30952652
0 305222 3584 0 30991973
13 591423 3072 0 30991973
14 591423 3072 0 30991973
10 618308 512 1 31018188
10 618576 512 1 31116493
0 305229 3584 0 31273778
1 55926 3072 0 31273778
0 305236 3584 0 31293439
1 240840 3072 0 31293439
1 55932 3072 1 31345869
10 29925 512 0 31398298
0 305243 3584 0 31398298
1 55932 3072 0 31398298
10 446103 512 1 31450725
10 446103 512 0 31503154
10 618370 512 1 31811174
0 305250 3584 0 31942245
1 55932 3072 0 31942245
0 305257 3584 0 31955352
1 240840 3072 0 31955352
1 55938 3072 1 32007781
0 305264 3584 0 32040550
1 55938 3072 0 32047103
10 619057 512 1 32322353
10 618868 512 1 32387889
0 305271 3584 0 32407550
1 55938 3072 0 32407550
0 305278 3584 0 32420658
1 240840 3072 0 32420658
1 55944 3072 1 32466533
0 305285 3584 0 32512409
1 55944 3072 0 32512409
0 305292 3584 0 33665843
2 206124 3072 0 33665843
3 817827 3072 0 33665843
0 305299 3584 0 33718273
2 361644 3072 0 33718273
3 973347 3072 0 33718273
0 305306 3584 0 33836235
1 55944 3072 0 33842788
0 305313 3584 0 33862449
1 240840 3072 0 33862449
4 841315 31232 0 33869003
10 618366 512 1 33901771
1 55950 3072 1 33908325
0 305320 3584 0 33947647
1 55950 3072 0 33947647
2 18437 512 0 33954200
3 287438 512 0 33954200
2 18085 512 0 33960754
3 287086 512 0 33960754
5 141012 3072 0 33960754
10 618367 8192 1 33960754
4 211233 3072 0 33960754
2 878253 1024 0 33960754
3 1002267 1024 0 33960754
13 591429 3072 0 33960754
14 591429 3072 0 33967308
13 591435 3072 0 33967308
14 591435 3072 0 33967308
1 55992 3072 0 33967308
0 305327 31232 0 33967308
13 591441 3072 0 34059059
14 591441 3072 0 34059059
1 55998 3072 0 34059059
1 56004 3072 0 34059059
2 206124 3072 0 34059059
3 817827 3072 0 34059059
4 760114 512 0 34059059
4 841315 512 0 34111488
13 591423 3072 1 34157363
0 305388 1536 0 34163917
2 878253 1024 0 34163917
3 1002267 1024 0 34170471
0 305391 3584 0 34183578
13 591423 3072 0 34183578
14 591423 3072 0 34183578
1 269754 1024 0 34222900
7 270756 1024 0 34222900
0 305398 1536 0 34262222
1 269754 1024 1 34262222
2 878253 1024 0 34262222
3 1002267 1024 0 34262222
10 618722 512 1 34281883
10 618618 512 1 34360523
8 146550 2560 0 34367076
9 32082 2560 0 34367076
1 269754 1024 0 34386737
7 270756 1024 0 34393291
8 450564 1024 0 34393291
9 450564 1024 0 34393291
0 305401 3584 0 34426059
2 206130 3072 0 34426059
3 817833 3072 0 34426059
8 146550 512 0 34439167
9 32082 512 0 34439167
0 305408 3584 0 34465381
2 361644 3072 0 34465381
3 973347 3072 0 34465381
4 840315 28160 0 34570240
2 18023 512 0 34655437
3 287024 512 0 34655437
2 18054 512 0 34655437
3 287055 512 0 34661991
5 141018 3072 0 34661991
4 211239 3072 0 34661991
2 878255 1024 0 34661991
3 1002269 1024 0 34661991
13 591447 3072 0 34661991
14 591447 3072 0 34661991
1 56010 3072 0 34661991
13 591453 3072 0 34661991
14 591453 3072 0 34661991
0 305415 28160 0 34661991
11 62977 2560 0 34707866
6 253156 2048 0 34707866
0 305470 3584 0 34740634
1 55950 3072 0 34740634
0 305477 3584 0 34753742
1 240840 3072 0 34753742
1 56016 3072 0 34753742
1 56022 3072 0 34760295
2 206130 3072 0 34760295
3 817833 3072 0 34760295
4 760114 512 0 34760295
1 55956 3072 1 34793064
4 840315 512 0 34845489
0 305484 3584 0 34858596
1 55956 3072 0 34858596
0 305491 1536 0 34891365
2 878255 1024 0 34891365
3 1002269 1024 0 34891365
6 253156 2048 1 34891365
9 20507 512 1 34904472
1 269756 1024 0 34950347
7 270758 1024 0 34950347
0 305494 1536 0 34989669
2 878255 1024 0 34989669
3 1002269 1024 0 34989669
10 619029 512 1 35002777
1 269756 1024 1 35146957
0 305497 3584 0 35199386
2 206136 3072 0 35199386
3 817839 3072 0 35199386
0 305504 3584 0 35251815
2 361644 3072 0 35251815
3 973347 3072 0 35258369
8 146150 2560 0 35258369
9 31682 2560 0 35258369
5 22365 512 1 35278030
1 269756 1024 0 35278030
7 270758 1024 0 35278030
8 450566 1024 0 35278030
9 450566 1024 0 35278030
8 146150 512 0 35330455
9 31682 512 0 35330455
0 305511 3584 0 35330455
1 55956 3072 0 35330455
0 305518 3584 0 35382884
1 240840 3072 0 35382884
4 840815 19456 0 35389438
6 4134 1024 1 35428760
1 55962 3072 1 35435314
5 24759 512 0 35454975
2 20697 512 0 35454975
3 289698 512 0 35454975
2 16528 512 0 35454975
3 285529 512 0 35454975
5 141024 3072 0 35454975
4 211245 3072 0 35454975
2 878257 1024 0 35461528
3 1002271 1024 0 35461528
13 591459 3072 0 35461528
14 591459 3072 0 35461528
1 56028 3072 0 35461528
0 305525 19456 0 35461528
6 4392 1024 1 35474636
0 305563 3584 0 35500850
1 55962 3072 0 35500850
3 367002 11776 0 35527065
2 428733 11776 0 35527065
10 618086 512 1 35533618
2 206136 3072 0 35559833
3 817839 3072 0 35559833
4 760114 512 0 35559833
6 253156 2048 0 35618816
2 59517 2560 0 35618816
1 572541 2560 0 35618816
2 59512 2560 0 35618816
1 572536 2560 0 35618816
9 572102 2048 0 35618816
8 75956 2048 0 35618816
9 7004 2048 0 35618816
8 80969 2048 0 35625370
11 62982 11776 0 35625370
4 840815 512 0 35645031
0 305570 1536 0 35690906
2 878257 1024 0 35690906
3 1002271 1024 0 35690906
3 367002 512 0 35717121
2 428733 512 0 35717121
1 269758 1024 0 35743335
7 270760 1024 0 35743335
9 149734 512 1 35769550
2 59512 2560 1 35769550
1 269758 1024 1 35776104
0 305573 1536 0 35782657
2 878257 1024 0 35782657
3 1002271 1024 0 35782657
9 149734 512 0 35802318
11 63005 3072 0 35808872
2 59512 2560 0 35808872
1 572536 2560 0 35808872
2 59517 2560 1 35887512
8 146350 2560 0 35900619
9 31882 2560 0 35907173
0 305576 3584 0 35907173
1 55962 3072 0 35913726
0 305583 4608 0 35939941
3 4211 4096 0 35939941
2 612647 4096 0 35939941
1 269758 1024 0 35939941
7 270760 1024 0 35939941
8 450568 1024 0 35939941
9 450568 1024 0 35939941
0 305592 3584 0 35959602
1 240840 3072 0 35959602
3 4211 4096 1 35992370
11 63011 3072 0 35998924
2 59512 2560 0 35998924
1 572536 2560 0 36005477
8 146350 512 0 36005477
9 31882 512 0 36005477
1 55968 3072 1 36031692
5 22365 512 1 36044799
0 305599 3584 0 36116889
1 55968 3072 0 36116889
4 836815 12800 0 36143104
2 20697 512 0 36182426
3 289698 512 0 36182426
5 141030 3072 0 36182426
4 211251 3072 0 36182426
2 878259 1024 0 36182426
3 1002273 1024 0 36182426
6 725325 512 0 36182426
3 4211 4096 0 36182426
2 612647 4096 0 36182426
0 305606 12800 0 36182426
4 836815 512 0 36306945
0 305631 1536 0 36372478
2 878259 1024 0 36372478
3 1002273 1024 0 36372478
1 269760 1024 0 36444568
7 270762 1024 0 36444568
1 269760 1024 1 36490444
0 305634 1536 0 36490444
2 878259 1024 0 36490444
3 1002273 1024 0 36490444
0 305637 3584 0 36536319
1 55968 3072 0 36536319
0 305644 3584 0 36575641
1 240840 3072 0 36575641
8 146550 2560 0 36595302
9 32082 2560 0 36595302
1 55974 3072 1 36628070
1 269760 1024 0 36641178
7 270762 1024 0 36641178
8 450570 1024 0 36641178
9 450570 1024 0 36641178
0 305651 3584 0 36660839
1 55974 3072 0 36660839
8 146550 512 0 36700161
9 32082 512 0 36700161
0 305658 3584 0 36883659
1 55974 3072 0 36883659
0 305665 3584 0 36903320
1 240840 3072 0 36903320
1 55980 3072 1 36955749
0 305672 3584 0 36995071
1 55980 3072 0 36995071
13 591459 3072 1 37217895
0 305679 3584 0 37237556
13 591459 3072 0 37237556
14 591459 3072 0 37237556
10 618144 512 1 37434162
0 305686 3584 0 37493145
1 55980 3072 0 37493145
0 305693 3584 0 37506252
1 240840 3072 0 37506252
1 55986 3072 1 37552127
0 305700 3584 0 37591449
1 55986 3072 0 37591449
0 305707 3584 0 37899467
1 55986 3072 0 37899467
0 305714 3584 0 37919128
1 240840 3072 0 37919128
1 55992 3072 1 37965003
0 305721 3584 0 38004325
1 55992 3072 0 38004325
0 305728 3584 0 38784206
1 55992 3072 0 38784206
0 305735 3584 0 38810421
1 240840 3072 0 38810421
0 305742 3584 0 38843185
2 206142 3072 0 38843185
3 817845 3072 0 38843185
1 55998 3072 1 38856292
10 618440 512 1 38875953
0 305749 3584 0 38895614
2 361644 3072 0 38895614
3 973347 3072 0 38895614
0 305756 3584 0 38902168
1 55998 3072 0 38902168
4 841315 12288 0 38993919
2 18765 512 0 39039794
3 287766 512 0 39039794
5 141036 3072 0 39039794
4 211257 3072 0 39039794
2 878261 1024 0 39039794
3 1002275 1024 0 39039794
6 725326 512 0 39039794
2 206142 3072 0 39039794
3 817845 3072 0 39039794
4 760114 512 0 39039794
0 305763 12288 0 39039794
4 841315 512 0 39164314
0 305787 1536 0 39203636
2 878261 1024 0 39203636
3 1002275 1024 0 39203636
0 305790 3584 0 39223297
1 55998 3072 0 39223297
0 305797 3584 0 39242958
1 240840 3072 0 39242958
1 269762 1024 0 39249511
7 270764 1024 0 39249511
1 56004 3072 1 39295387
0 305804 1536 0 39328155
1 269762 1024 1 39328155
2 878261 1024 0 39328155
3 1002275 1024 0 39328155
0 305807 3584 0 39360919
1 56004 3072 0 39367473
0 305814 3584 0 39433010
2 206148 3072 0 39433010
3 817851 3072 0 39433010
0 305821 3584 0 39498546
2 361644 3072 0 39498546
3 973347 3072 0 39498546
8 146150 2560 0 39498546
9 31682 2560 0 39498546
1 269762 1024 0 39518207
7 270764 1024 0 39518207
8 450572 1024 0 39518207
9 450572 1024 0 39518207
5 47970 512 1 39531314
6 461035 1024 1 39564083
8 146150 512 0 39564083
9 31682 512 0 39564083
4 84229 1024 1 39603405
2 20583 512 1 39682048
0 305828 3584 0 39695156
1 56004 3072 0 39695156
15 327196 512 1 39721370
0 305835 3584 0 39741031
1 240840 3072 0 39741031
15 327196 512 0 39754138
15 610749 512 0 39786907
4 840315 25600 0 39813121
1 56010 3072 1 39819675
0 305842 3584 0 39858993
1 56010 3072 0 39858993
5 24759 512 0 39898315
2 18469 512 0 39898315
3 287470 512 0 39904869
2 20583 512 0 39904869
3 289584 512 0 39904869
5 141042 3072 0 39904869
4 211263 3072 0 39904869
2 878263 1024 0 39904869
3 1002277 1024 0 39904869
1 56034 3072 0 39904869
13 591465 3072 0 39904869
14 591465 3072 0 39904869
0 305849 25600 0 39904869
10 618863 512 1 39944191
1 56040 3072 0 39990066
1 56046 3072 0 39990066
2 206148 3072 0 39990066
3 817851 3072 0 39990066
4 760114 512 0 39990066
4 840315 512 0 40068710
0 305899 1536 0 40121139
2 878263 1024 0 40121139
3 1002277 1024 0 40121139
1 269764 1024 0 40173568
7 270766 1024 0 40173568
1 269764 1024 1 40212890
0 305902 1536 0 40219444
2 878263 1024 0 40219444
3 1002277 1024 0 40219444
13 591459 3072 1 40265319
0 305905 3584 0 40284980
13 591459 3072 0 40284980
14 591459 3072 0 40284980
8 146350 2560 0 40324302
9 31882 2560 0 40324302
1 269764 1024 0 40337406
7 270766 1024 0 40337406
8 450574 1024 0 40337406
9 450574 1024 0 40337406
0 305912 3584 0 40357067
2 206154 3072 0 40357067
3 817857 3072 0 40363620
0 305919 3584 0 40370174
13 591459 3072 0 40370174
14 591459 3072 0 40376728
8 146350 512 0 40389835
9 31882 512 0 40389835
0 305926 3584 0 40396389
13 753921 3072 0 40396389
14 753921 3072 0 40396389
0 305933 3584 0 40435710
2 361644 3072 0 40435710
3 973347 3072 0 40435710
13 591423 3072 1 40468479
0 305940 3584 0 40540569
1 56010 3072 0 40540569
4 840815 12288 0 40540569
0 305947 3584 0 40560230
13 591423 3072 0 40560230
14 591423 3072 0 40566783
0 305954 3584 0 40586444
1 240840 3072 0 40586444
2 18010 512 0 40599552
3 287011 512 0 40599552
5 141048 3072 0 40599552
4 211269 3072 0 40599552
2 878265 1024 0 40606105
3 1002279 1024 0 40606105
6 725327 512 0 40606105
2 206154 3072 0 40606105
3 817857 3072 0 40606105
4 760114 512 0 40606105
0 305961 12288 0 40612659
1 56016 3072 1 40632320
0 305985 3584 0 40638874
2 206160 3072 0 40638874
3 817863 3072 0 40645427
0 305992 3584 0 40671642
1 56016 3072 0 40671642
4 840815 512 0 40724071
0 305999 3584 0 40743732
2 361650 3072 0 40743732
3 973353 3072 0 40743732
0 306006 1536 0 40769947
2 878265 1024 0 40776500
3 1002279 1024 0 40776500
1 269766 1024 0 40828929
7 270768 1024 0 40828929
0 306009 3584 0 40861694
13 591423 3072 0 40861694
14 591423 3072 0 40868248
4 841315 12288 0 40868248
1 269766 1024 1 40874801
0 306016 3584 0 40881355
13 753921 3072 0 40881355
14 753921 3072 0 40881355
0 306023 1536 0 40894462
2 878265 1024 0 40894462
3 1002279 1024 0 40894462
2 16601 512 0 40927230
3 285602 512 0 40927230
5 141054 3072 0 40927230
4 211275 3072 0 40927230
2 878267 1024 0 40927230
3 1002281 1024 0 40927230
6 725328 512 0 40927230
2 206160 3072 0 40933784
3 817863 3072 0 40933784
4 760113 512 0 40933784
0 306026 12288 0 40933784
13 591429 3072 1 40940338
0 306050 3584 0 40979660
13 591429 3072 0 40979660
14 591429 3072 0 40979660
8 146550 2560 0 40992767
9 32082 2560 0 40992767
1 269766 1024 0 41018981
7 270768 1024 0 41018981
8 450576 1024 0 41018981
9 450576 1024 0 41018981
4 841315 512 0 41058303
8 146550 512 0 41064857
9 32082 512 0 41064857
0 306057 1536 0 41097625
2 878267 1024 0 41097625
3 1002281 1024 0 41097625
1 269768 1024 0 41163162
7 270770 1024 0 41163162
1 269768 1024 1 41176269
0 306060 1536 0 41176269
2 878267 1024 0 41182823
3 1002281 1024 0 41182823
8 146150 2560 0 41287681
9 31682 2560 0 41287681
1 269768 1024 0 41307342
7 270770 1024 0 41313896
8 450578 1024 0 41313896
9 450578 1024 0 41313896
8 146150 512 0 41366321
9 31682 512 0 41366321
0 306063 3584 0 41431858
13 591429 3072 0 41438411
14 591429 3072 0 41438411
0 306070 3584 0 41458072
13 753921 3072 0 41458072
14 753921 3072 0 41458072
13 591435 3072 1 41503948
0 306077 3584 0 41543270
13 591435 3072 0 41543270
14 591435 3072 0 41543270
0 306084 3584 0 41595699
1 56016 3072 0 41595699
10 618645 512 1 41635021
0 306091 3584 0 41641574
1 240840 3072 0 41641574
1 56022 3072 1 41687450
0 306098 3584 0 41726772
1 56022 3072 0 41726772
10 618886 512 1 41831630
10 618775 512 1 42146202
10 618879 512 1 42257614
15 315222 8192 0 42395236
10 85579 512 0 42414897
15 608563 512 1 42434558
15 608563 512 0 42467327
10 446059 512 0 42473880
0 306105 3584 0 42611507
13 591435 3072 0 42611507
14 591435 3072 0 42611507
0 306112 3584 0 42631168
13 753921 3072 0 42631168
14 753921 3072 0 42631168
0 306119 3584 0 42644275
1 56022 3072 0 42650829
0 306126 3584 0 42670490
1 240840 3072 0 42670490
13 591441 3072 1 42683597
1 56028 3072 1 42709812
0 306133 3584 0 42716365
13 591441 3072 0 42716365
14 591441 3072 0 42716365
0 306140 3584 0 42755687
1 56028 3072 0 42755687
16 91453 32768 0 42781902
0 306147 3584 0 42991615
13 591441 3072 0 42991615
14 591441 3072 0 42991615
0 306154 3584 0 43011276
13 753921 3072 0 43017829
14 753921 3072 0 43017829
13 591447 3072 1 43070259
0 306161 3584 0 43096473
1 56028 3072 0 43096473
0 306168 3584 0 43109580
1 240840 3072 0 43116134
0 306175 3584 0 43122688
13 591447 3072 0 43122688
14 591447 3072 0 43122688
1 56034 3072 1 43155456
0 306182 3584 0 43201332
1 56034 3072 0 43201332
0 306189 3584 0 43456920
13 591447 3072 0 43456920
14 591447 3072 0 43456920
0 306196 3584 0 43476581
13 753921 3072 0 43476581
14 753921 3072 0 43476581
0 306203 3584 0 43496242
1 56034 3072 0 43496242
0 306210 3584 0 43509349
1 240840 3072 0 43509349
13 591453 3072 1 43535564
1 56040 3072 1 43555225
0 306217 3584 0 43568332
13 591453 3072 0 43568332
14 591453 3072 0 43568332
0 306224 3584 0 43594547
1 56040 3072 0 43601100
0 306231 3584 0 43889457
13 591453 3072 0 43889457
14 591453 3072 0 43889457
0 306238 3584 0 43915672
13 753921 3072 0 43915672
14 753921 3072 0 43915672
13 591465 3072 1 43974655
0 306245 3584 0 44020530
13 591465 3072 0 44020530
14 591465 3072 0 44020530
0 306252 3584 0 44066406
1 56040 3072 0 44066406
0 306259 3584 0 44092620
1 240840 3072 0 44092620
1 56046 3072 1 44131942
0 306266 3584 0 44177818
1 56046 3072 0 44184371
0 306273 3584 0 44256462
2 206166 3072 0 44256462
3 817869 3072 0 44263015
0 306280 3584 0 44263015
13 591465 3072 0 44263015
14 591465 3072 0 44263015
0 306287 3584 0 44282676
13 753921 3072 0 44282676
14 753921 3072 0 44282676
0 306294 3584 0 44308891
2 361644 3072 0 44308891
3 973347 3072 0 44308891
4 840315 12288 0 44407192
2 18010 512 0 44459621
3 287011 512 0 44459621
5 141060 3072 0 44466175
4 211281 3072 0 44466175
2 878269 1024 0 44466175
3 1002283 1024 0 44466175
6 725329 512 0 44466175
2 206166 3072 0 44466175
3 817869 3072 0 44466175
4 760114 512 0 44466175
0 306301 12288 0 44466175
4 840315 512 0 44584140
0 306325 1536 0 44623462
2 878269 1024 0 44630016
3 1002283 1024 0 44630016
1 269770 1024 0 44682445
7 270772 1024 0 44682445
1 269770 1024 1 44721767
0 306328 1536 0 44721767
2 878269 1024 0 44721767
3 1002283 1024 0 44721767
8 146350 2560 0 44839733
9 31882 2560 0 44839733
1 269770 1024 0 44859390
7 270772 1024 0 44859390
8 450580 1024 0 44859390
9 450580 1024 0 44865943
8 146350 512 0 44905265
9 31882 512 0 44905265
0 306331 3584 0 45141197
1 56046 3072 0 45141197
0 306338 3584 0 45187072
1 240840 3072 0 45187072
10 619190 512 1 45737575
10 624687 512 1 45783451
10 625225 512 1 45809665
10 619266 512 1 45868644
6 386134 512 1 46091468
5 48328 512 1 46130790
4 758853 512 1 46163558
6 462463 1024 1 46196327
10 107349 4096 1 46320846
10 838506 6656 0 46392932
10 107349 4096 0 46451915
10 234346 2048 0 46451915
11 205559 6656 0 46451915
10 838506 512 0 46550220
10 29977 8192 0 46753383
10 29993 512 0 46871345
10 446104 512 1 46897560
10 446104 512 0 46949989
10 107829 4096 1 47179367
0 306345 3584 0 47205581
2 206172 3072 0 47212135
3 817875 3072 0 47212135
10 107829 4096 1 47231796
6 252488 2048 1 47244903
0 306352 3584 0 47258010
2 361650 3072 0 47258010
3 973353 3072 0 47258010
6 252492 2048 1 47297332
10 838506 4608 0 47323547
4 840815 12288 0 47356311
10 107829 4096 0 47382526
11 205572 4608 0 47382526
2 16601 512 0 47408741
3 285602 512 0 47408741
5 141066 3072 0 47415294
4 211287 3072 0 47415294
2 878271 1024 0 47415294
3 1002285 1024 0 47415294
6 725330 512 0 47415294
2 206172 3072 0 47415294
3 817875 3072 0 47415294
4 760113 512 0 47415294
0 306359 12288 0 47415294
10 838506 512 0 47441509
4 840815 512 0 47552921
0 306383 1536 0 47598796
2 878271 1024 0 47605350
3 1002285 1024 0 47605350
1 269772 1024 0 47664333
7 270774 1024 0 47664333
1 269772 1024 1 47690547
0 306386 1536 0 47690547
2 878271 1024 0 47690547
3 1002285 1024 0 47697101
8 146550 2560 0 47801960
9 32082 2560 0 47801960
1 269772 1024 0 47828174
7 270774 1024 0 47828174
8 450582 1024 0 47828174
9 450582 1024 0 47828174
8 146550 512 0 47874046
9 32082 512 0 47874046
0 306389 3584 0 48195175
2 206178 3072 0 48195175
3 817881 3072 0 48195175
0 306396 3584 0 48247604
2 361644 3072 0 48247604
3 973347 3072 0 48247604
4 841315 31232 0 48378673
2 18437 512 0 48457317
3 287438 512 0 48457317
2 18085 512 0 48457317
3 287086 512 0 48457317
5 141072 3072 0 48457317
4 211293 3072 0 48457317
2 878273 1024 0 48463871
3 1002287 1024 0 48463871
13 591471 3072 0 48463871
14 591471 3072 0 48463871
13 591477 3072 0 48463871
14 591477 3072 0 48463871
1 56052 3072 0 48463871
0 306403 31232 0 48463871
13 591483 3072 0 48562175
14 591483 3072 0 48562175
1 56058 3072 0 48562175
1 56064 3072 0 48568729
2 206178 3072 0 48568729
3 817881 3072 0 48568729
4 760114 512 0 48568729
4 841315 512 0 48627712
0 306464 1536 0 48673587
2 878273 1024 0 48673587
3 1002287 1024 0 48673587
1 269774 1024 0 48739124
7 270776 1024 0 48739124
1 269774 1024 1 48778446
0 306467 1536 0 48784999
2 878273 1024 0 48784999
3 1002287 1024 0 48784999
8 146150 2560 0 48889854
9 31682 2560 0 48889854
1 269774 1024 0 48909515
7 270776 1024 0 48909515
8 450584 1024 0 48909515
9 450584 1024 0 48909515
8 146150 512 0 48968498
9 31682 512 0 48968498
16 91357 8192 0 49197875
16 91357 8192 0 49230644
10 618223 512 1 49230644
16 91357 8192 0 49250305
16 91357 8192 0 49263412
16 91357 8192 0 49283073
1 56052 3072 1 49289627
16 91357 8192 0 49296180
16 91357 8192 0 49315841
16 91357 8192 0 49328948
0 306470 3584 0 49328948
1 56052 3072 0 49335502
16 91373 6656 0 49348606
16 91373 6656 0 49368267
16 91373 6656 0 49381374
13 591471 3072 1 49394481
16 91373 6656 0 49401035
16 91373 6656 0 49414142
16 91373 6656 0 49433803
16 91373 6656 0 49446910
16 91373 6656 0 49466571
0 306477 3584 0 49479679
13 591471 3072 0 49479679
14 591471 3072 0 49479679
16 91373 6656 0 49479679
0 306484 3584 0 49492786
1 56052 3072 0 49492786
16 91373 6656 0 49499340
0 306491 3584 0 49512447
1 240840 3072 0 49512447
16 91373 6656 0 49512447
16 91373 6656 0 49532108
16 91373 6656 0 49545215
0 306498 3584 0 49564876
13 591471 3072 0 49564876
14 591471 3072 0 49564876
16 820 512 0 49564876
0 306505 3584 0 49584537
13 753921 3072 0 49584537
14 753921 3072 0 49584537
16 91373 1536 1 49623859
16 91373 6656 0 49663181
16 91902 1536 0 49676288
16 91373 6656 0 49702503
10 618662 512 1 49709056
16 91902 1536 0 49728717
16 91373 6656 0 49754932
0 306512 3584 0 49761486
2 206184 3072 0 49761486
3 817887 3072 0 49768039
16 91902 1536 0 49774593
16 91373 6656 0 49800807
0 306519 3584 0 49813915
2 361644 3072 0 49813915
3 973347 3072 0 49813915
16 91902 1536 0 49827022
16 91905 8192 0 49853233
13 591477 3072 1 49866340
16 91905 8192 0 49872894
16 91905 8192 0 49886001
16 820 512 0 49905662
0 306526 3584 0 49918769
13 591477 3072 0 49918769
14 591477 3072 0 49918769
4 840315 12288 0 49931877
2 18046 512 0 49990860
3 287047 512 0 49990860
5 141078 3072 0 49990860
4 211299 3072 0 49990860
2 878275 1024 0 49990860
3 1002289 1024 0 49990860
6 725331 512 0 49990860
2 206184 3072 0 49990860
3 817887 3072 0 49990860
4 760114 512 0 49990860
0 306533 12288 0 49990860
1 56058 3072 1 50017074
0 306557 3584 0 50049842
13 591477 3072 0 50049842
14 591477 3072 0 50049842
0 306564 3584 0 50062950
1 56058 3072 0 50062950
0 306571 3584 0 50089164
13 753921 3072 0 50089164
14 753921 3072 0 50089164
4 840315 512 0 50108825
0 306578 3584 0 50148147
1 56058 3072 0 50148147
13 591483 3072 1 50154701
10 618458 512 1 50161254
0 306585 1536 0 50161254
2 878275 1024 0 50161254
3 1002289 1024 0 50161254
0 306588 3584 0 50180915
1 240840 3072 0 50180915
0 306595 3584 0 50200576
13 591483 3072 0 50200576
14 591483 3072 0 50200576
1 269776 1024 0 50220237
7 270778 1024 0 50220237
1 56064 3072 1 50233345
1 269776 1024 1 50246452
0 306602 1536 0 50253005
2 878275 1024 0 50253005
3 1002289 1024 0 50253005
0 306605 3584 0 50292327
1 56064 3072 0 50292327
0 306612 3584 0 50351306
13 591483 3072 0 50351306
14 591483 3072 0 50357860
0 306619 3584 0 50377521
13 753921 3072 0 50377521
14 753921 3072 0 50377521
8 146350 2560 0 50423397
9 31882 2560 0 50423397
1 269776 1024 0 50436504
7 270778 1024 0 50436504
8 450586 1024 0 50436504
9 450586 1024 0 50443058
10 618668 512 1 50443058
10 618669 8192 1 50475826
8 146350 512 0 50488933
9 31882 512 0 50488933
0 306626 3584 0 50646221
1 56064 3072 0 50646221
0 306633 3584 0 50685543
1 240840 3072 0 50685543
10 618145 512 1 50790401
10 619172 512 1 51255706
10 619173 7680 1 51295028
10 618509 512 1 51406436
10 618510 8192 1 51485080
10 618366 512 1 51943832
10 618367 8192 1 51996261
10 618722 512 1 52140441
10 618377 512 1 52225639
10 618352 512 1 52907211
10 618395 512 1 52972747
10 618796 512 1 53110374
0 306640 3584 0 53628109
2 206190 3072 0 53628109
3 817893 3072 0 53628109
10 619029 512 1 53654323
0 306647 3584 0 53667430
2 361650 3072 0 53667430
3 973353 3072 0 53667430
4 840815 12288 0 53765735
2 16601 512 0 53818164
3 285602 512 0 53818164
5 141084 3072 0 53818164
4 211305 3072 0 53818164
2 878277 1024 0 53818164
3 1002291 1024 0 53818164
6 725332 512 0 53818164
2 206190 3072 0 53818164
3 817893 3072 0 53818164
4 760113 512 0 53818164
0 306654 12288 0 53824718
16 269222 5120 0 53870590
16 269222 5120 0 53929573
4 840815 512 0 53929573
16 269222 5120 0 53942680
16 269222 5120 0 53962341
0 306678 1536 0 53975448
2 878277 1024 0 53975448
3 1002291 1024 0 53975448
16 269222 5120 0 53975448
16 269222 5120 0 53995109
16 886 512 0 54008216
1 269778 1024 0 54021324
7 270780 1024 0 54027877
1 269778 1024 1 54060646
0 306681 1536 0 54060646
2 878277 1024 0 54060646
3 1002291 1024 0 54060646
16 269222 3072 1 54073753
16 269222 5120 0 54119628
16 269748 3072 0 54139289
16 269222 5120 0 54158950
16 269748 3072 0 54172058
8 146550 2560 0 54185165
9 32082 2560 0 54185165
16 269222 5120 0 54191719
16 269748 3072 0 54204826
1 269778 1024 0 54211380
7 270780 1024 0 54211380
8 450588 1024 0 54211380
9 450588 1024 0 54211380
16 269222 5120 0 54224487
16 2415 8192 0 54231040
16 269748 3072 0 54237594
8 146550 512 0 54257255
9 32082 512 0 54257255
16 2415 8192 0 54290023
16 269754 7680 0 54322792
16 2415 8192 0 54368663
16 269754 7680 0 54407985
10 619130 512 1 54447307
16 2431 4096 0 54453861
16 269754 7680 0 54493183
16 2431 4096 0 54539058
16 269754 7680 0 54571826
16 2431 4096 0 54617702
16 269754 7680 0 54657024
16 2431 4096 0 54702899
10 618223 512 1 54709453
16 269754 7680 0 54735668
16 2431 4096 0 54788097
16 269754 7680 0 54820865
16 2431 4096 0 54866737
16 269754 7680 0 54906059
16 787 512 0 54958488
16 269754 7680 0 54984703
16 2431 4096 1 55043685
16 269754 7680 0 55083007
10 618378 512 1 55115776
15 309198 512 0 55128883
16 2431 4096 0 55128883
15 612320 512 0 55161651
16 269754 7680 0 55168205
16 2955 4096 0 55207527
16 269754 7680 0 55246849
16 2431 4096 0 55305831
16 269754 7680 0 55351707
16 2955 4096 0 55391025
10 618487 512 1 55397579
16 269754 7680 0 55430347
16 2431 4096 0 55482776
16 269754 7680 0 55528652
16 2955 4096 0 55574527
16 886 512 0 55613849
16 2431 4096 0 55666278
16 269754 512 1 55705600
16 2955 4096 0 55718708
16 269754 8192 0 55758029
16 2431 4096 0 55797351
16 269770 8192 0 55843227
16 2955 4096 0 55882545
16 269770 8192 0 55928421
16 5698 8192 0 55941528
16 5698 8192 0 55987403
16 2431 4096 0 55993957
16 269770 8192 0 56026725
16 5698 8192 0 56033279
16 2955 4096 0 56066047
10 618378 512 1 56072601
16 5714 2048 0 56085708
16 5714 2048 0 56105369
16 269770 8192 0 56111923
16 5714 2048 0 56118476
16 5714 2048 0 56138137
16 2431 4096 0 56157798
17 1101 512 0 56164352
16 269770 8192 0 56197120
10 618922 512 1 56197120
16 5714 2048 1 56210227
16 2955 4096 0 56229888
10 618656 512 1 56229888
16 6231 2560 1 56249549
10 618896 512 1 56256103
16 5714 2048 0 56269210
16 269770 8192 0 56275764
16 6231 4608 0 56282318
10 618785 512 1 56288871
16 5714 2048 0 56301979
16 6231 4608 0 56315086
16 2431 4096 0 56328193
16 5714 2048 0 56334747
16 6231 4608 0 56347854
16 269770 8192 0 56360961
0 306684 3584 0 56374065
2 206196 3072 0 56374065
3 817899 3072 0 56374065
16 5714 2048 0 56380619
16 2955 4096 0 56393726
16 6231 4608 0 56413387
0 306691 3584 0 56419940
2 361644 3072 0 56426494
3 973347 3072 0 56426494
16 5714 2048 0 56433048
3 241560 512 1 56439601
16 269770 8192 0 56439601
16 6231 4608 0 56446155
16 5714 2048 0 56465816
16 6231 4608 0 56478923
16 2431 4096 0 56492031
16 5714 2048 0 56498584
16 6231 4608 0 56511692
16 269770 8192 0 56524799
16 5714 2048 0 56544460
4 841315 14848 0 56551013
16 2955 4096 0 56557567
16 6231 4608 0 56583782
16 5714 2048 0 56596889
2 19365 512 0 56603443
3 288366 512 0 56603443
5 141090 3072 0 56603443
4 211311 3072 0 56603443
2 878279 1024 0 56603443
3 1002293 1024 0 56603443
6 803094 3072 0 56603443
2 206196 3072 0 56603443
3 817899 3072 0 56603443
16 269770 8192 0 56603443
4 760114 512 0 56603443
0 306698 14848 0 56609996
16 6231 4608 0 56616550
17 1101 512 0 56642765
16 2963 5120 0 56655872
16 269770 8192 0 56688640
16 5714 1536 1 56688640
10 617940 512 1 56701747
4 841315 512 0 56714855
16 5714 2048 0 56714855
16 6231 6144 0 56727962
10 618774 512 1 56727962
16 2963 5120 0 56741069
16 5714 2048 0 56747623
0 306727 1536 0 56754177
2 878279 1024 0 56754177
3 1002293 1024 0 56754177
16 6231 6144 0 56760730
10 618055 512 1 56760730
16 5714 2048 0 56780391
16 269770 8192 0 56780391
10 618251 512 1 56793499
16 6231 6144 0 56793499
10 618799 512 1 56806606
1 269780 1024 0 56806606
7 270782 1024 0 56806606
17 1101 512 0 56813159
16 787 512 0 56826267
1 269780 1024 1 56832820
0 306730 1536 0 56832820
2 878279 1024 0 56832820
3 1002293 1024 0 56832820
0 306733 3584 0 56859035
2 206202 3072 0 56859035
3 817905 3072 0 56859035
16 269770 8192 0 56865585
0 306740 3584 0 56898353
2 361644 3072 0 56898353
3 973347 3072 0 56898353
8 146150 2560 0 56944229
9 31682 2560 0 56950782
16 269770 8192 0 56963890
1 269780 1024 0 56970443
7 270782 1024 0 56970443
8 450590 1024 0 56970443
9 450590 1024 0 56970443
16 269770 8192 0 56983551
4 840315 12288 0 56990104
16 269770 8192 0 57003211
8 146150 512 0 57009765
9 31682 512 0 57009765
16 269786 6656 0 57016319
16 269786 6656 0 57042533
2 20403 512 0 57049087
3 289404 512 0 57049087
5 141096 3072 0 57049087
4 211317 3072 0 57049087
2 878281 1024 0 57049087
3 1002295 1024 0 57049087
6 725333 512 0 57049087
2 206202 3072 0 57049087
3 817905 3072 0 57049087
4 760114 512 0 57049087
0 306747 12288 0 57049087
16 886 512 0 57075302
4 840315 512 0 57167053
0 306771 1536 0 57206375
2 878281 1024 0 57206375
3 1002295 1024 0 57206375
1 269782 1024 0 57252250
7 270784 1024 0 57252250
0 306774 1536 0 57271911
1 269782 1024 1 57271911
2 878281 1024 0 57271911
3 1002295 1024 0 57278465
8 146350 2560 0 57383319
9 31882 2560 0 57383319
1 269782 1024 0 57409534
7 270784 1024 0 57409534
8 450592 1024 0 57409534
9 450592 1024 0 57409534
8 146350 512 0 57455410
9 31882 512 0 57455410
16 180219 1536 0 58589183
10 618384 512 1 58608844
16 180225 3072 0 58621952
16 853 512 0 58648166
16 180219 1536 1 58713703
16 180225 2048 1 58753025
16 180219 1536 0 58772686
16 180225 6656 0 58785793
16 180219 1536 0 58812007
16 180225 6656 0 58838222
16 180219 1536 0 58864437
16 180225 6656 0 58884094
16 180219 1536 0 58916862
16 180225 6656 0 58936523
16 180219 1536 0 58962738
16 180225 6656 0 58982399
16 180219 1536 0 59015167
16 180225 6656 0 59034828
16 180238 5632 0 59061042
16 180238 5632 0 59080703
16 180238 5632 0 59100364
16 180238 5632 0 59113471
16 180238 5632 0 59133132
16 180238 5632 0 59146240
16 180238 5632 0 59165901
10 618369 512 1 59172454
16 180238 5632 0 59179008
16 180238 5632 0 59198669
16 180238 5632 0 59211776
16 180238 5632 0 59231437
16 853 512 0 59251098
16 180238 2560 1 59303527
10 618149 512 1 59342849
16 180238 8192 0 59342849
16 180238 8192 0 59362510
10 618835 512 1 59369060
16 180238 8192 0 59382167
10 618422 512 1 59395275
16 180238 8192 0 59395275
16 180238 8192 0 59414936
16 180238 8192 0 59428043
16 180254 8192 0 59447704
16 180254 8192 0 59467365
16 853 512 0 59487026
10 618484 512 1 59650867
10 618058 1024 1 60837070
10 617969 512 1 60882942
10 618378 512 1 61420337
10 618858 512 1 62285415
10 618684 512 1 62947326
10 618172 512 1 62980094
10 619103 512 1 63006309
10 618336 512 1 63157043
0 306777 3584 0 63425739
2 206208 3072 0 63425739
3 817911 3072 0 63425739
11 63017 2560 0 63438846
6 253160 2048 0 63438846
10 618518 512 1 63458507
0 306784 3584 0 63471614
2 361644 3072 0 63471614
3 973347 3072 0 63471614
4 840815 28160 0 63583026
2 18660 512 0 63668224
3 287661 512 0 63668224
2 19826 512 0 63668224
3 288827 512 0 63674778
5 141102 3072 0 63674778
4 211323 3072 0 63674778
2 878283 1024 0 63674778
3 1002297 1024 0 63674778
13 591489 3072 0 63674778
14 591489 3072 0 63674778
1 56070 3072 0 63674778
13 591495 3072 0 63674778
14 591495 3072 0 63674778
0 306791 28160 0 63674778
6 253160 2048 1 63766529
1 56076 3072 0 63779636
1 56082 3072 0 63779636
2 206208 3072 0 63779636
3 817911 3072 0 63779636
4 760114 512 0 63779636
9 20507 512 1 63792743
4 840815 512 0 63858280
0 306846 1536 0 63904151
2 878283 1024 0 63904151
3 1002297 1024 0 63904151
1 269784 1024 0 63956581
7 270786 1024 0 63956581
1 269784 1024 1 63989349
0 306849 1536 0 63995903
2 878283 1024 0 63995903
3 1002297 1024 0 63995903
8 146550 2560 0 64100761
9 32082 2560 0 64100761
1 269784 1024 0 64133529
7 270786 1024 0 64133529
8 450594 1024 0 64133529
9 450594 1024 0 64133529
8 146550 512 0 64179405
9 32082 512 0 64179405
3 367002 11776 0 64428443
2 428733 11776 0 64428443
6 253160 2048 0 64500534
2 59527 2560 0 64500534
1 572551 2560 0 64500534
2 59522 2560 0 64500534
1 572546 2560 0 64500534
9 572102 2048 0 64500534
8 75956 2048 0 64507087
9 7004 2048 0 64507087
8 80969 2048 0 64507087
11 63022 11776 0 64507087
10 619029 512 1 64546409
13 591489 3072 1 64598838
3 367002 512 0 64605392
2 428733 512 0 64605392
0 306852 3584 0 64618499
13 591489 3072 0 64618499
14 591489 3072 0 64618499
9 149735 512 1 64651260
2 59522 2560 1 64657814
9 149735 512 0 64690582
11 63045 3072 0 64690582
2 59522 2560 0 64690582
1 572546 2560 0 64690582
0 306859 3584 0 64703689
13 591489 3072 0 64703689
14 591489 3072 0 64703689
2 59527 2560 1 64716796
0 306866 3584 0 64723350
13 753921 3072 0 64723350
14 753921 3072 0 64723350
11 205581 1024 0 64762672
10 258927 512 0 64762672
11 205583 1024 0 64821655
10 258928 512 0 64821655
11 205585 1024 0 64834762
10 258929 512 0 64834762
11 205587 1024 0 64854423
10 258930 512 0 64854423
11 205589 1024 0 64874084
10 258931 512 0 64874084
11 205591 1024 0 64887191
10 258932 512 0 64887191
1 56070 3072 1 64893745
11 205593 1024 0 64906852
10 258926 512 0 64906852
10 258926 512 1 64926513
11 63051 3072 0 64939621
2 59522 2560 0 64939621
1 572546 2560 0 64939621
10 258927 512 1 64946174
0 306873 3584 0 64965835
1 56070 3072 0 64965835
10 258928 512 1 64965835
10 258929 512 1 64985496
10 258930 512 1 64998603
10 258931 512 1 65018264
10 258932 512 1 65031372
6 253160 2048 1 65070693
6 132 512 1 65103462
0 306880 3584 0 65116569
1 56070 3072 0 65116569
0 306887 3584 0 65136230
1 240840 3072 0 65136230
5 22365 512 1 65142784
4 758484 512 1 65182106
13 591495 3072 1 65195213
10 618425 512 1 65208320
0 306894 3584 0 65234535
13 591495 3072 0 65234535
14 591495 3072 0 65234535
6 461487 1024 1 65260749
4 860537 512 1 65313179
6 386561 512 1 65339393
5 48084 512 1 65378715
6 386296 512 1 65404930
6 490769 512 1 65418037
10 619168 512 1 65424591
1 56076 3072 1 65457359
3 252193 512 1 65463912
0 306901 3584 0 65477020
13 591495 3072 0 65477020
14 591495 3072 0 65477020
4 759088 512 1 65490127
0 306908 3584 0 65503234
13 753921 3072 0 65503234
14 753921 3072 0 65503234
6 435655 1024 1 65509788
0 306915 3584 0 65522895
1 56076 3072 0 65522895
6 386296 512 1 65542556
10 206190 2048 1 65575325
0 306922 3584 0 65614646
1 56076 3072 0 65614646
10 835506 11776 0 65634300
0 306929 3584 0 65634300
1 240840 3072 0 65634300
1 56082 3072 1 65686729
10 347653 512 0 65693283
10 206190 2048 0 65693283
10 869406 4096 0 65693283
10 258926 512 0 65693283
10 90546 2048 0 65693283
10 206422 2048 0 65693283
11 205595 11776 0 65693283
0 306936 3584 0 65732605
1 56082 3072 0 65739158
10 835506 512 0 65909553
0 306943 3584 0 65988197
1 56082 3072 0 65988197
0 306950 3584 0 66014411
1 240840 3072 0 66014411
10 619130 512 1 66020965
0 306957 3584 0 66256896
2 206214 3072 0 66256896
3 817917 3072 0 66256896
0 306964 3584 0 66302772
2 361650 3072 0 66302772
3 973353 3072 0 66302772
4 841315 12288 0 66394523
2 16601 512 0 66433845
3 285602 512 0 66433845
5 141108 3072 0 66433845
4 211329 3072 0 66433845
2 878285 1024 0 66433845
3 1002299 1024 0 66433845
6 725334 512 0 66433845
2 206214 3072 0 66433845
3 817917 3072 0 66433845
4 760113 512 0 66440399
0 306971 12288 0 66440399
4 841315 512 0 66551811
0 306995 1536 0 66584579
2 878285 1024 0 66584579
3 1002299 1024 0 66584579
1 269786 1024 0 66643554
7 270788 1024 0 66643554
10 619029 512 1 66650108
1 269786 1024 1 66663215
0 306998 1536 0 66663215
2 878285 1024 0 66669769
3 1002299 1024 0 66669769
0 307001 3584 0 66715644
2 206220 3072 0 66715644
3 817923 3072 0 66715644
0 307008 3584 0 66748413
2 361650 3072 0 66748413
3 973353 3072 0 66748413
8 146150 2560 0 66781181
9 31682 2560 0 66781181
1 269786 1024 0 66820503
7 270788 1024 0 66820503
8 450596 1024 0 66820503
9 450596 1024 0 66820503
4 840315 25088 0 66846717
8 146150 512 0 66866378
9 31682 512 0 66866378
10 618715 512 1 66918808
2 16053 512 0 66925361
3 285054 512 0 66925361
2 16147 512 0 66925361
3 285148 512 0 66925361
5 141114 3072 0 66925361
4 211335 3072 0 66925361
2 878287 1024 0 66925361
3 1002301 1024 0 66925361
13 591501 3072 0 66925361
14 591501 3072 0 66925361
13 591507 3072 0 66925361
14 591507 3072 0 66925361
13 591513 3072 0 66931915
14 591513 3072 0 66931915
0 307015 25088 0 66931915
13 591519 3072 0 67036773
14 591519 3072 0 67036773
2 206220 3072 0 67036773
3 817923 3072 0 67036773
4 760113 512 0 67036773
4 840315 512 0 67095756
0 307064 1536 0 67141632
2 878287 1024 0 67141632
3 1002301 1024 0 67141632
1 269788 1024 0 67187507
7 270790 1024 0 67187507
1 269788 1024 1 67207168
0 307067 1536 0 67207168
2 878287 1024 0 67207168
3 1002301 1024 0 67207168
8 146350 2560 0 67318580
9 31882 2560 0 67318580
1 269788 1024 0 67331687
7 270790 1024 0 67331687
8 450598 1024 0 67331687
9 450598 1024 0 67331687
8 146350 512 0 67377563
9 31882 512 0 67377563
13 591501 3072 1 67561065
0 307070 3584 0 67587280
13 591501 3072 0 67587280
14 591501 3072 0 67587280
0 307077 3584 0 67665916
13 591501 3072 0 67665916
14 591501 3072 0 67665916
0 307084 3584 0 67679023
13 753921 3072 0 67679023
14 753921 3072 0 67685577
13 591507 3072 1 67954277
0 307091 3584 0 68000152
13 591507 3072 0 68000152
14 591507 3072 0 68000152
0 307098 3584 0 68111564
13 591507 3072 0 68111564
14 591507 3072 0 68118118
0 307105 3584 0 68131225
13 753921 3072 0 68131225
14 753921 3072 0 68131225
13 591513 3072 1 68196762
16 91517 32768 0 68255744
0 307112 3584 0 68255744
13 591513 3072 0 68255744
14 591513 3072 0 68262298
0 307119 3584 0 68845565
13 591513 3072 0 68845565
14 591513 3072 0 68845565
0 307126 3584 0 68871780
13 753921 3072 0 68871780
14 753921 3072 0 68871780
13 591519 3072 1 68924209
0 307133 3584 0 68963531
13 591519 3072 0 68963531
14 591519 3072 0 68963531
0 307140 3584 0 69219123
13 591519 3072 0 69219123
14 591519 3072 0 69219123
0 307147 3584 0 69238784
13 753921 3072 0 69238784
14 753921 3072 0 69245338
10 619190 512 1 69527145
10 624685 512 1 69559913
10 625202 512 1 69579574
10 107829 4096 1 69822052
10 838506 6656 0 69894142
10 107829 4096 0 69953125
10 234346 2048 0 69953125
11 205618 6656 0 69953125
10 838506 512 0 70031768
0 307154 3584 0 70221824
2 206226 3072 0 70221824
3 817929 3072 0 70221824
0 307161 3584 0 70261146
2 361644 3072 0 70261146
3 973347 3072 0 70261146
10 107365 4096 1 70352897
4 840815 12288 0 70359451
2 18469 512 0 70411880
3 287470 512 0 70411880
5 141120 3072 0 70411880
4 211341 3072 0 70411880
2 878289 1024 0 70411880
3 1002303 1024 0 70411880
6 725335 512 0 70411880
2 206226 3072 0 70411880
3 817929 3072 0 70411880
4 760114 512 0 70411880
0 307168 12288 0 70411880
10 107365 4096 1 70418434
6 252076 2048 1 70444648
6 252080 2048 1 70510185
10 838506 4608 0 70529846
4 840815 512 0 70562614
10 107365 4096 0 70595382
11 205631 4608 0 70595382
0 307192 1536 0 70634704
2 878289 1024 0 70634704
3 1002303 1024 0 70634704
10 838506 512 0 70654357
1 269790 1024 0 70674018
7 270792 1024 0 70680572
1 269790 1024 1 70700233
0 307195 3584 0 70706787
2 206232 3072 0 70706787
3 817935 3072 0 70713340
0 307202 1536 0 70726448
2 878289 1024 0 70726448
3 1002303 1024 0 70726448
0 307205 3584 0 70759216
2 361644 3072 0 70759216
3 973347 3072 0 70759216
8 146550 2560 0 70831306
9 32082 2560 0 70831306
4 841315 12288 0 70837860
1 269790 1024 0 70850967
7 270792 1024 0 70857521
8 450600 1024 0 70857521
9 450600 1024 0 70857521


